0.576233615299
0.663694192977
0.657532356241
0.671501299367
0.579534887299
0.664336221495
0.665730390523
0.596674689807
0.626927857987
0.632526278103
0.596674689807
0.613765413035
0.589598093393
0.601805729845
0.600753875811
0.625903729219
0.652150297005
0.638714217208
0.660623826949
0.631127590928
0.631127590928
0.631127590928
0.652150297005
0.631127590928
0.652150297005
0.652150297005
0.631127590928
0.652150297005
0.652150297005
0.631127590928
0.600574467122
0.553032397472
0.553032397472
0.631127590928
0.652150297005
0.631127590928
1.22217653315
0.895763778072
0.625321582317
0.428795547057
0.293094096607
0.195123437408
0.131645453887
0.0896798196071
0.0644373952398
0.0474024011277
0.0360562034766
0.0282180279391
0.0224709915398
0.0184243285423
0.0153669175211
0.0130116450193
0.0112135846258
0.00971765106065
0.00847784625307
0.00751844475494
0.00668875601833
0.00599323136367
0.00540258046973
0.00488531084323
0.00445118495308
0.00407286216395
0.0037416948092
0.00345009577924
0.00319702867769
0.00296620992966
0.00275665273686
0.00257598488379
0.00240926426754
0.00225877058153
0.00212002479312
0.00199809947176
0.00188271840729
0.00178066739931
0.00168514032201
0.00159612610962
0.00151646012189
0.00144149354049
0.00137212436684
0.00130772826018
0.00124783572895
0.00119203180263
0.00113934963206
0.00109075495778
0.00104521506745
0.00100251104226
0.000962830467173
0.000924672999387
0.000889549882163
0.000856025413601
0.000824113882011
0.000794562699477
0.000766033377102
0.000739314920621
0.000714191101318
0.000690113588167
0.000667263083814
0.000645369334653
0.000624728902875
0.000605063905011
0.000586323482145
0.000568581423648
0.000551381683672
0.000535095077442
0.000519519716048
0.000504621637518
0.000490361815681
0.000476704013001
0.000463697333722
0.000451056518641
0.000439090052407
0.000427447932369
0.000416343461862
0.000405665852109
0.000395454905008
0.00038551350909
0.000376057100008
0.000366890130854
0.000358014853811
0.000349508181584
0.000341341672201
0.000333378621311
0.00032577303101
0.000318351033177
0.00031122049821
0.000304357822934
0.000297658648685
0.000291241229913
0.000284998995776
0.000278933040406
0.00027311108873
0.00026744357853
0.000261931410803
0.000256633100702
0.000251451556798
0.000246467729478
0.00024161020817
0.000236879645526
0.000232305736463
0.000227878570441
0.000223545716988
0.000219367320291
0.000215275682409
0.000211326753186
0.000207458664206
0.000203710522697
0.000200062809199
0.000196523814545
0.000193066662109
0.000189701093724
0.000186413436993
0.000183230623927
0.000180109530174
0.000177086603398
0.000174121539604
0.000171247924386
0.000168428616177
0.000165687244917
0.000163012089293
0.000160408286109
0.000157852925346
0.000155372018701
0.000152942343005
0.000150569841458
0.000148252346932
0.000145982759603
0.000143770812039
0.000141608625216
0.000139495038943
0.000137433264843
0.00013540761473
0.000133435963224
0.000131498178098
0.000129611179822
0.000127760132514
0.000125948844272
0.000124175938554
0.000122436822485
0.000120737824985
0.000119073850763
0.000117447320025
0.00011584758934
0.00011428385956
0.000112754353911
0.00011125242106
0.000109777883781
0.000108337987917
0.000106920906591
0.000105534345092
0.000104176858621
0.000102840707333
0.000101534932664
0.000100249329697
9.89904557699e-05
9.77570875095e-05
9.65426213738e-05
9.53547764478e-05
9.41866662999e-05
9.30400599096e-05
9.19125965888e-05
9.08090491322e-05
8.97234392202e-05
8.86557561334e-05
8.76087317148e-05
8.65815758924e-05
8.55694182751e-05
8.45779573281e-05
8.36007480147e-05
8.2641938293e-05
8.16994841865e-05
8.07730973662e-05
7.98624138346e-05
7.89682537405e-05
7.80878197229e-05
7.72210186691e-05
7.63708579207e-05
7.55334819913e-05
7.47098965393e-05
7.38987417527e-05
7.31027725046e-05
7.23185395818e-05
7.1546941847e-05
7.0787652252e-05
7.00395416785e-05
6.93050141128e-05
6.85802364035e-05
6.78685114325e-05
6.7166154129e-05
6.64755378228e-05
6.5795490494e-05
6.51258445679e-05
6.44670895969e-05
6.38168715731e-05
6.31772257968e-05
6.25471238324e-05
6.19264180202e-05
1.22217653315
0.897043804348
0.620577104404
0.432530109976
0.291210097125
0.19394335598
0.12990439224
0.0892440595108
0.0641545001516
0.0467687266614
0.0356348626229
0.0281524851482
0.0225627778062
0.018480905516
0.0153217016388
0.0130496501681
0.0111331024277
0.00970309237062
0.00849359400298
0.00747786640143
0.00665966431979
0.00596941288983
0.00539679671368
0.00487924193819
0.00445560242185
0.00407557193825
0.00373706207292
0.00344646315512
0.00318874008478
0.00296378325178
0.00275785678937
0.00257018287795
0.00240462431816
0.00225718874751
0.00212058556414
0.00199450573281
0.00188323570718
0.00177777086481
0.00168412724759
0.00159509707367
0.0015144026914
0.00144070432806
0.00137132010187
0.00130698351271
0.00124714475916
0.00119138954514
0.00113875456725
0.00109019956944
0.00104519673987
0.00100199116506
0.00096237016867
0.000924623279964
0.000889114660283
0.000855641460177
0.000823753593735
0.000793946238349
0.000765985339444
0.00073922899687
0.000713885461602
0.000689639415745
0.000666831133074
0.000645311063189
0.00062464621957
0.000604981452528
0.000586241472589
0.000568368677641
0.000551309911563
0.000535016056538
0.000519335522009
0.000504552364672
0.000490286498948
0.000476542487673
0.000463465455758
0.000450919256793
0.000438880491807
0.000427321952825
0.000416218242207
0.000405545629358
0.000395281920515
0.000385406340289
0.000375899423765
0.000366742918087
0.00035796522631
0.000349410634975
0.000341209480194
0.000333331938486
0.000325685537783
0.000318303732533
0.00031117196323
0.000304247888736
0.000297586734587
0.000291169753736
0.000284903232201
0.000278893514415
0.000273020673646
0.000267359636463
0.000261894466512
0.000256552281829
0.000251416177567
0.000246411466923
0.000241556898045
0.000236845263488
0.000232270976517
0.000227828721961
0.000223513440457
0.000219320313762
0.000215244751039
0.000211282376057
0.000207429015211
0.000203668639326
0.000200022840772
0.000196473837572
0.000193029544387
0.000189664300174
0.000186377659972
0.000183186407647
0.000180085192862
0.000177052973637
0.00017408935283
0.000171208588972
0.000168406191088
0.000165664295608
0.000162989591721
0.000160372656031
0.00015782566843
0.000155338721267
0.000152910343144
0.000150538702151
0.000148227630939
0.000145963680813
0.000143746564587
0.000141585264157
0.000139477034734
0.000137405984916
0.00013538610338
0.000133414638569
0.000131481516383
0.000129586496768
0.00012773655499
0.000125925838977
0.000124157108959
0.000122418184918
0.000120722963658
0.000119059045619
0.000117426452627
0.000115830661142
0.000114267090578
0.000112735067657
0.000111233746768
0.000109762310522
0.00010832255284
0.000106905789751
0.000105519528507
0.00010415998321
0.000102826621322
0.000101520972052
0.000100235647303
9.89770364134e-05
9.77419181455e-05
9.65298390224e-05
9.53421080869e-05
9.41742364373e-05
9.30260914127e-05
9.19007446551e-05
9.07956393477e-05
8.97120131059e-05
8.86460142626e-05
8.75975240848e-05
8.65706603895e-05
8.55601385576e-05
8.45659441048e-05
8.35904950495e-05
8.26317807081e-05
8.16895040481e-05
8.07632905621e-05
7.98539805058e-05
7.8958703279e-05
7.80773631233e-05
7.72119368478e-05
7.63618567864e-05
7.55235840382e-05
7.47012593231e-05
7.3890189782e-05
7.30933959587e-05
7.23103235082e-05
7.15388037112e-05
7.07796462961e-05
7.00316676775e-05
6.92964233107e-05
6.85734849363e-05
6.78609578494e-05
6.71595482761e-05
6.64682200479e-05
6.57890706552e-05
6.5118752608e-05
6.44594511638e-05
6.38107670047e-05
6.31704578671e-05
6.25405004572e-05
6.19198951007e-05
1.22217653315
0.897043804348
0.622851513594
0.429150022102
0.29257719096
0.195373132632
0.131545319442
0.0895974000593
0.063689302498
0.0473945477428
0.0357036184255
0.0279852542893
0.0226291060952
0.0184001808163
0.0153558178605
0.0130032719801
0.0112066506913
0.00971232503301
0.00847394976024
0.00751507683871
0.00666603379556
0.00599298547681
0.00540096819372
0.00488408573845
0.00445980316478
0.00407925825621
0.00374705845573
0.00345461920266
0.00319084995975
0.00296164377425
0.00276022112577
0.00257523310762
0.00240886959366
0.00225842825983
0.00211974449775
0.00199588504686
0.00188264168107
0.00177894301276
0.00168373402569
0.00159733081494
0.0015151709831
0.00144148599727
0.00137204798594
0.00130686634308
0.00124784308896
0.00119198844317
0.00113991189614
0.00109122807117
0.00104564537545
0.00100290311039
0.000962354030229
0.0009250610356
0.000889500487122
0.000855686028371
0.000824121918153
0.000794551042501
0.000766025904533
0.00073954354473
0.000713952558434
0.000689923323289
0.000667275393297
0.000645542379961
0.000624718993832
0.000605065570107
0.000586465805769
0.000568443814373
0.000551393542813
0.000535099361468
0.000519630974587
0.00050471882331
0.000490360136236
0.000476796459414
0.000463613823244
0.000451067030258
0.000439022581248
0.000427526965041
0.000416409286431
0.000405728055857
0.000395399362909
0.000385577037898
0.00037600849816
0.00036685136511
0.000358024373876
0.000349557700085
0.000341304499715
0.000333387745359
0.000325742923865
0.000318360054378
0.000311227228142
0.000304364324349
0.000297694790795
0.000291217661665
0.00028500722124
0.000278964883497
0.000273091607612
0.000267428436265
0.000261961164698
0.000256637869578
0.000251457800568
0.000246473775794
0.000241616200892
0.000236902890934
0.000232326991544
0.000227883184589
0.00022356640792
0.000219357505704
0.000215282122272
0.000211319014755
0.000207464936634
0.000203715905579
0.000200068120192
0.000196528985448
0.00019306120545
0.000189696696836
0.000186428889575
0.000183234952964
0.000180123399107
0.00017709081466
0.000174126297758
0.000171244642723
0.000168441363417
0.000165698636431
0.000163016100058
0.000160405884729
0.000157864203267
0.00015537585031
0.000152946519204
0.000150573957862
0.00014825082598
0.000145987154379
0.00014377997621
0.000141612218979
0.00013949889522
0.000137432402259
0.000135416132012
0.000133435040729
0.000131502096703
0.000129610739044
0.000127760039622
0.000125948837446
0.000124179624842
0.000122443742707
0.000120740976328
0.000119077168723
0.000117447423264
0.000115851017386
0.000114287045056
0.000112757476633
0.000111255500442
0.000109780935354
0.000108340979259
0.00010692636887
0.000105539523109
0.000104177223771
0.000102843685048
0.000101535518801
0.000100254349972
9.89951006528e-05
9.77576241192e-05
9.65473183579e-05
9.53553679659e-05
9.41875172185e-05
9.30409319823e-05
9.19152114054e-05
9.08098510093e-05
8.9724361507e-05
8.86598304075e-05
8.76125291076e-05
8.65838149356e-05
8.5571725747e-05
8.45788371386e-05
8.36030827968e-05
8.26454656149e-05
8.17028628282e-05
8.07764097372e-05
7.9864458371e-05
7.89703396316e-05
7.80898785903e-05
7.72241623332e-05
7.63727942398e-05
7.55344130205e-05
7.47108974188e-05
7.39017271936e-05
7.31036542917e-05
7.23204774038e-05
7.1548798504e-05
7.07885983821e-05
7.00422739591e-05
6.93067492579e-05
6.85820049929e-05
6.78694579528e-05
6.71687030734e-05
6.64771921258e-05
6.57971711712e-05
6.51275042155e-05
6.4468724567e-05
6.38191715475e-05
6.31794446321e-05
6.25486587223e-05
6.19286032752e-05
40.3746664677
27.0589517422
25.6319492993
25.5620135894
26.2577707572
25.6316282881
26.2407864485
25.7002472917
26.1376110184
26.068829467
26.0387028744
26.3578436387
26.0560076632
27.016945306
26.3629424324
26.2763858324
25.8764224143
26.409432942
26.409540177
26.0745398528
26.7473405634
27.1350761635
26.9075615856
27.0538600233
26.4870644945
27.1117117742
26.4451155756
26.8215216005
26.095433595
27.3142155201
26.7917072698
27.154760498
26.9355604427
27.040659346
27.4343949282
26.9934609279
26.9641288277
25.5409227235
25.9590682933
27.2133481448
26.5566489644
26.9720185807
27.4036977585
26.9912761814
26.2820365703
26.7961371745
27.5059276241
26.7704049668
27.5723318477
27.1834151781
28.0029571682
28.2685883165
26.4116133425
28.4285378929
27.2178028632
27.1106052787
26.9988884098
28.0607450082
27.2419323348
27.3797872835
27.9369894671
27.8275830314
27.3275107913
27.5321178761
27.9991984344
27.6016078594
27.2859364257
27.948769468
27.6456653644
27.9275495376
28.214568157
27.9152898797
28.0999194194
28.4430112779
27.1064823909
27.8500830304
27.268474053
28.4221593194
27.1934251713
28.5834095583
27.5569159655
28.3921576101
27.7390271628
28.1802619792
28.6481688687
28.2521202667
28.1116106457
28.3236612439
29.1374756318
27.7994080766
28.179676824
28.4995389416
28.9487545276
28.7305597883
28.5495911183
28.1206248071
29.0383085401
28.1905058507
29.6600775649
29.1381679327
28.9513023513
28.2348764327
28.7308850769
28.9222000545
29.1278236267
28.5695474356
28.6583505828
29.2255511312
29.298612807
28.8394436693
29.1939971473
28.500110415
28.9892660209
29.0349643145
28.0909164852
28.8077422858
28.9953652112
29.0194156363
29.1709311865
28.6916645615
28.9224980051
28.8310340726
28.8247542478
29.0815815496
29.0618014616
29.0174886149
29.1026362925
29.5355107751
29.6472660572
28.6216601114
28.8524549889
28.8736780039
28.1044827011
29.6550861507
29.4946359584
29.0353114621
28.9581043957
29.3789313025
29.7458313439
29.5944564583
29.0088161112
28.9416430739
29.2483295773
29.2127176701
28.0085441236
30.1114289807
29.2709488517
29.7056095622
29.3766421726
29.2498228154
29.8606816923
28.8261795851
29.3213498748
30.4120394978
29.9684930394
29.8886710219
29.7585578552
29.4507114855
30.40494471
30.3743713875
29.7825341863
30.4058127231
29.721600249
29.7423572037
30.0029110547
29.572890037
29.9423794885
29.1547733764
30.005467599
29.5669804872
30.2339066634
30.0303074023
30.1063139505
29.4411747465
30.4006981243
30.3484099921
29.7650182867
30.8725797726
30.2785359283
30.0405038201
30.4375910617
30.7351708528
30.5851228125
30.1482321182
30.7645139329
30.1399705012
30.1239848708
31.0165124494
30.4621494703
30.9973510544
30.9782167913
30.6064783833
29.7096734099
30.3918883316
30.0748336559
30.5899539966
30.8573133017
30.5448889416
30.6123682747
30.7891434943
33.8623506332
19.4617736628
15.1490265568
13.6969894858
12.4065993019
7.53370368583
9.38622326254
7.49747077388
5.5921857592
8.2031215563
6.49166177717
6.43993591264
5.4080096171
7.09761799922
5.09529761445
5.01837746418
8.10403602294
4.34396340562
6.21508603957
7.53519337914
5.75329697427
5.65524790441
4.04643625832
3.99156063059
6.09643415321
5.92205262322
5.2650910541
4.44048697943
4.92489259859
5.47507072423
7.61215296566
5.48527458548
4.47479565135
2.91456471733
4.2453430467
5.82185530162
4.24795216883
5.60894664646
2.51318118625
3.82619267382
3.22781872306
4.03732870968
5.94334194108
3.16820317165
5.11993098217
4.94424492138
5.11045425192
4.35416128333
4.58477379114
3.26308811055
5.71171114057
3.89619708994
6.09095744234
4.18307956282
3.93073138912
4.02058926764
3.95013328416
3.93767140113
4.04508649597
3.6277101176
5.61131376756
4.12252243069
5.08026070673
3.40800916705
3.30267595538
4.10878241294
4.65146040425
4.91748932761
4.19739747871
2.64336922669
3.39859467758
4.03872241278
3.10087687339
5.3351927504
4.4371099235
4.56291916
2.12530530035
3.41243762471
4.16668125642
5.4911892126
3.11600893841
4.5696042219
2.57613522352
2.79236792521
4.30191236407
3.72961351912
2.31780511773
3.54509489808
3.33927404033
2.23330123915
4.86426723669
2.93438679088
3.60182839968
4.95885363978
2.85272886663
3.61017547364
2.62629737209
1.93532380931
3.16226400666
4.95670648782
40.4444456857
27.1096862193
25.6579813194
25.6549348307
25.5972733387
25.4181326216
25.7385737332
25.4970391106
25.097840871
25.8663787435
25.4766328551
25.6349016133
24.98789398
25.9763225258
25.1684249128
25.5563626495
25.5073185909
26.5011118401
25.0750146631
25.6487255979
25.4783395694
25.4802851185
24.8034740116
25.9069994069
24.9264925672
25.4720069007
26.117586845
25.3463153849
25.9761353219
25.6347064586
25.5543104771
26.3311032919
25.1725293219
25.4079060637
25.4797604999
25.0663304972
25.6322855895
25.6068873516
25.7966891704
25.8228558646
24.9841852207
25.4140749447
25.4824497876
26.0125421905
25.4745863705
25.492674811
25.912462379
25.6167476249
24.7370057498
25.2826823919
25.5744749628
25.2735506911
26.5971564738
25.356835261
25.5958765936
24.8657795819
25.6238118477
25.4035644637
25.7920017851
25.2699168825
25.8450246855
24.9022828589
25.5222947494
24.5475509421
24.9880431456
25.6231919582
24.9734262345
24.503002757
26.4167812616
25.8513629821
24.7930862831
26.4752560895
24.8586603167
25.4334018392
26.3155251123
25.9146143278
24.9529623874
25.0888739267
26.0459254258
26.2260971126
25.1885131759
25.466070561
25.9177079514
25.7928745205
25.3887241812
25.1768218708
25.53427448
25.5621128502
25.2188488498
25.8270901071
25.2338673443
25.8600923835
25.16538039
25.4644427953
24.6974906555
25.7690279158
25.1177487697
25.2509948991
25.1344417483
25.7369511318
30.645023293
18.1500305192
17.2484239391
13.9298872566
10.8866076925
8.71704976303
9.55159699183
7.80506820711
6.31165672737
9.0779488415
6.51626267686
7.22165025604
7.30041260253
6.15791975309
6.66207996728
5.20086905686
4.60059594992
4.90886839552
6.79683158561
6.19863416777
4.87726238403
6.89913421672
3.28446423996
5.37963154879
6.86119245098
6.58599159475
3.95614687788
5.37255942341
4.25616992668
4.5847311298
4.55135938154
3.55002618761
2.79739392154
4.41624856478
5.23166758376
4.22818583175
4.46894260132
5.29421063596
4.72209400498
3.46376576049
5.76559816654
4.22777188152
4.81417756762
5.46921711345
4.47211862345
4.34071429397
4.07877553632
2.59497370129
4.89161931477
3.00151421834
4.03188037167
5.6676739713
1.78284385139
4.53751800889
4.88405624536
3.62870660363
3.23195141807
5.97710325889
5.81413897908
4.76907846397
4.48902559067
3.82178452126
4.61774174003
2.84000551748
3.54440955585
4.34646683219
3.82009466654
4.4317857604
5.43201651899
3.02251155369
3.90948265932
4.97787343005
4.01607322193
4.38856095448
3.7624372793
4.6380866257
5.3326148212
2.98388022844
3.40179058987
3.66654921324
2.27046742122
5.03924072264
3.24103161824
4.11525339993
3.48236346918
3.75133236667
4.18065538165
2.76052245457
4.10871075755
4.81342554609
2.53055212685
2.91577948191
3.94599152932
4.51295342554
3.54318641422
2.65820134578
2.64861336325
4.05712343595
1.31306173752
4.21982865596
35.9394520707
20.3653443393
19.1081414727
17.2222635035
13.3900122677
12.1405950119
10.4247714962
10.4680995674
9.35970955627
5.74587778634
9.12267255217
5.32281280802
5.98660511109
7.55019337305
6.77241293719
6.79895864391
5.53955496417
5.80880110315
6.96994124211
6.19706614644
5.76913013462
6.22452149637
6.71512314031
6.5550151817
5.24552945821
6.0208585975
5.68000265574
4.2712782127
6.84266207315
4.51715732561
3.7585231348
3.21246186687
4.74154667773
3.79195458116
3.96597140943
6.04361179309
5.48260239335
3.78152741991
4.69295826359
2.50034037434
5.0913782114
5.21768207016
5.60947912357
4.85192536282
4.16978818141
4.73103491059
4.16753724211
5.38284587768
4.21840762535
4.80739205381
4.01911782547
4.21733006047
4.16978048981
5.42930362132
5.61386891778
5.59748169912
4.15455087051
4.65115296756
4.48326186818
3.0731050863
4.7531648884
4.64617155584
3.54238778268
3.89199661051
3.77001424209
3.22667011775
3.38262617225
3.58543227791
5.02733353132
2.66670705291
3.91546525624
4.42033058587
2.5478269612
4.49790546463
3.89259332093
4.70452484905
3.93435453305
3.72657801469
4.07151441207
3.73635293073
4.90702088453
3.78381797604
2.00926345117
3.71284328008
3.14641892906
4.32281122314
2.86677517123
4.0594209806
2.65185261539
4.06396265699
3.22241083925
3.31777912457
4.06514133623
3.02791381986
3.99528252983
3.47263273403
3.18216342482
2.81551765934
3.42643739971
3.9542318557
